kinematics:
  shoulder:
    x: 0
    y: 0
    z: 0.1625033524368043
    roll: -0
    pitch: 0
    yaw: -3.700521005595148e-08
  upper_arm:
    x: 0.0002488901936984031
    y: 0
    z: 0
    roll: 1.570927142715876
    pitch: 0
    yaw: 2.896763058278459e-06
  forearm:
    x: -0.4251156318330254
    y: 0
    z: 0
    roll: 0.0009548259227502197
    pitch: -0.0005281357262739184
    yaw: 3.031984511103837e-06
  wrist_1:
    x: -0.392450486381983
    y: -0.0006607399189433403
    z: 0.1335617223043779
    roll: 0.004947035104102182
    pitch: -0.0001569257348278838
    yaw: 5.40602797520571e-07
  wrist_2:
    x: 1.545775743864306e-05
    y: -0.09982377141020563
    z: 5.53125214814897e-05
    roll: 1.570242225151177
    pitch: 0
    yaw: -1.173811554899817e-07
  wrist_3:
    x: -1.316559627615801e-05
    y: 0.09970368908801228
    z: 6.832524121515116e-05
    roll: 1.571481609668024
    pitch: 3.141592653589793
    yaw: 3.141592569611796
  hash: calib_9298898226914104505