kinematics:
  shoulder:
    x: 0
    y: 0
    z: 0.1626213494330324
    roll: -0
    pitch: 0
    yaw: 1.76629318393573e-08
  upper_arm:
    x: 7.742153178310695e-05
    y: 0
    z: 0
    roll: 1.569840241063722
    pitch: 0
    yaw: 1.033270033653158e-05
  forearm:
    x: -0.4255653607887318
    y: 0
    z: 0
    roll: 3.139201418739006
    pitch: 3.138394668968095
    yaw: 3.141586917756521
  wrist_1:
    x: -0.3925726622015444
    y: -0.0004584375715303373
    z: 0.1339215253582417
    roll: 0.003423167258841639
    pitch: -0.001233570314758745
    yaw: 6.85585124461293e-06
  wrist_2:
    x: 9.916321447686902e-05
    y: -0.09972060976465601
    z: 8.540977401723095e-05
    roll: 1.569939836312799
    pitch: 0
    yaw: 1.836348062880452e-06
  wrist_3:
    x: 2.103133142764073e-05
    y: 0.09960754246977917
    z: 3.052646318234837e-05
    roll: 1.57110279417146
    pitch: 3.141592653589793
    yaw: -3.141592375490943
  hash: calib_4652754770238290552